FV=150;
Ra = 0.78;
La = 0.016;
Rf = 150;
Lf = 112.5;
Laf = 1.234;
J = 0.05;
Bm = 0.01;
Tf = 0;
TL=20;
Desired_Output=1750;
S=30/pi;